16
E
1
69
256
20
1 0 5 0 9 0 9 0 8 2 1 0 11 1 16 0 12 3 1 0 0 4 1 0 7 13 1 0 10 13 5 0 14 15 5 0 13 9 2 0 9 11 2 0 11 9 5 0 15 3 2 0 4 10 11 0 5 9 15 0 7 11 9 0 13 2 4 0 8 15 13 0 8 12 14 0 8 11 10 0 8 13 16 0 
256
-1

4 15 9 7 1 2 3 5 6 8 10 11 12 13 14 16 5 2 13 10 4 6 7 8 1 12 14 16 3 9 11 15 3 12 14 11 9 10 13 16 2 4 5 15 1 6 7 8 6 1 16 8 11 12 14 15 3 7 9 13 2 4 5 10 1 3 2 4 5 7 6 9 8 10 11 12 13 15 16 14 7 5 6 9 2 1 4 3 13 15 16 14 8 10 12 11 8 10 11 12 13 15 16 14 4 1 2 3 5 7 6 9 13 14 15 16 8 11 10 12 5 6 7 9 4 1 2 3 2 4 1 3 6 5 8 7 9 11 12 10 14 16 15 13 9 6 5 13 3 4 15 1 14 16 8 2 7 11 10 12 10 7 8 14 12 16 2 11 15 3 13 6 9 5 1 4 11 16 12 15 10 14 9 13 7 5 1 4 6 3 8 2 12 8 3 1 7 9 11 2 10 13 15 5 16 14 4 6 14 9 4 5 15 3 1 10 16 2 6 8 11 12 13 7 15 13 7 6 16 8 12 4 11 14 3 1 10 2 9 5 16 11 10 2 14 13 5 6 12 9 4 7 15 8 3 1 
4 0 9 7 1 0 3 5 0 8 0 11 0 13 14 16 5 0 13 10 0 6 7 8 1 12 14 16 0 0 0 15 3 12 0 0 0 0 13 0 2 4 5 0 1 6 7 8 6 1 16 8 0 12 14 0 3 0 0 0 0 4 5 10 1 3 2 4 5 0 0 0 8 10 11 12 13 15 16 0 7 5 0 9 2 1 4 0 13 15 16 14 8 10 0 11 8 10 0 0 13 0 16 14 4 1 2 3 5 0 6 0 13 0 15 16 8 11 0 0 5 6 7 9 0 1 2 0 2 4 1 3 6 5 8 7 9 11 12 10 14 16 15 13 9 6 5 0 3 0 0 1 0 0 0 2 7 11 10 12 10 7 8 0 12 0 0 0 0 3 0 6 9 5 1 4 11 16 12 15 10 14 9 0 7 5 1 4 6 3 8 2 12 8 0 1 0 9 0 2 10 0 15 5 16 14 4 0 14 0 4 5 15 3 1 10 16 2 0 8 11 12 13 7 15 13 7 6 16 8 12 0 0 14 0 1 0 2 0 5 16 0 0 2 0 13 5 0 12 9 4 7 15 8 0 1 
4 0 9 7 0 0 3 5 0 8 0 11 0 13 14 16 0 0 13 10 0 6 7 8 1 12 14 16 0 0 0 15 3 12 0 0 0 0 13 0 2 4 5 0 1 6 7 8 6 1 16 8 0 12 14 0 3 0 0 0 0 4 5 10 1 3 2 4 5 0 0 0 8 10 0 12 13 15 16 0 7 5 0 9 2 1 4 0 13 0 16 14 8 10 0 11 8 10 0 0 13 0 16 14 4 1 2 3 5 0 6 0 13 0 15 16 8 11 0 0 5 6 7 0 0 0 2 0 2 4 0 3 6 5 8 7 9 11 12 0 0 0 15 0 0 6 5 0 3 0 0 1 0 0 0 0 7 11 10 12 10 7 8 0 12 0 0 0 0 3 0 6 9 0 1 4 11 0 12 15 10 14 9 0 7 0 1 4 6 3 8 2 12 8 0 0 0 9 0 2 10 0 15 5 16 14 4 0 14 0 0 5 15 3 1 10 16 0 0 8 11 12 13 7 15 13 7 6 16 8 12 0 0 14 0 1 0 2 0 0 16 0 0 0 0 13 5 0 12 9 4 7 15 8 0 1 