9
M
0
49
81
1
1 0 2 0 1 0 4 2 
81
-1

6 4 9 1 3 2 5 8 7 7 8 1 5 4 6 3 9 2 2 3 5 7 8 9 6 1 4 1 5 7 3 2 8 9 4 6 8 9 2 4 6 5 7 3 1 3 6 4 9 7 1 2 5 8 9 1 8 2 5 7 4 6 3 4 2 6 8 9 3 1 7 5 5 7 3 6 1 4 8 2 9 
0 4 0 1 0 0 5 0 0 4 8 0 0 0 6 3 0 2 0 3 0 0 8 0 0 1 4 1 0 0 3 0 0 0 0 6 0 0 2 0 0 5 7 0 1 3 6 0 0 0 0 0 5 8 0 0 0 0 5 7 4 0 0 0 2 6 0 0 0 0 7 0 5 0 0 6 1 0 0 0 0 
0 4 0 1 0 0 5 0 0 0 8 0 0 0 6 3 0 2 0 3 0 0 8 0 0 1 4 1 0 0 3 0 0 0 0 6 0 0 2 0 0 5 7 0 1 3 6 0 0 0 0 0 5 8 0 0 0 0 5 7 4 0 0 0 2 6 0 0 0 0 7 0 5 0 0 6 1 0 0 0 0 