9
M
1
50
81
-1

81
-1

5 8 1 2 3 4 6 7 9 9 7 2 1 5 6 3 4 8 4 3 6 7 8 9 1 2 5 1 2 3 4 6 5 8 9 7 6 4 5 8 9 7 2 1 3 7 9 8 3 1 2 4 5 6 2 1 9 6 7 3 5 8 4 3 5 4 9 2 8 7 6 1 8 6 7 5 4 1 9 3 2 
0 8 0 0 0 4 0 0 0 0 7 0 1 5 0 0 4 0 0 0 0 7 8 0 1 0 5 0 0 0 4 0 5 0 0 7 6 0 5 0 0 0 0 1 3 0 0 8 0 1 0 4 0 0 2 0 0 6 7 0 0 8 0 0 0 4 0 2 0 7 0 0 0 0 0 5 4 1 9 0 0 
0 8 0 0 0 4 0 0 0 0 7 0 1 5 0 0 4 0 0 0 0 7 8 0 1 0 5 0 0 0 4 0 5 0 0 7 6 0 5 0 0 0 0 1 3 0 0 8 0 1 0 4 0 0 2 0 0 6 7 0 0 8 0 0 0 4 0 2 0 7 0 0 0 0 0 5 4 1 9 0 0 