9
M
1
52
81
1
0 0 2 0 0 0 1 2 
81
-1

1 4 6 2 3 5 7 8 9 8 9 2 1 4 7 3 5 6 3 7 5 6 8 9 1 2 4 2 1 3 4 5 6 8 9 7 4 5 7 3 9 8 2 6 1 6 8 9 7 1 2 4 3 5 5 2 1 8 6 4 9 7 3 7 6 4 9 2 3 5 1 8 9 3 8 5 7 1 6 4 2 
1 0 6 0 0 5 7 0 0 8 9 2 0 0 0 0 0 0 3 0 0 0 8 0 0 0 0 2 0 0 0 0 6 0 0 0 0 0 7 3 9 8 2 0 0 6 8 0 0 1 0 0 3 0 0 0 1 0 0 0 0 0 3 0 0 0 9 2 0 5 0 0 0 0 8 5 0 0 6 4 0 
0 0 6 0 0 5 7 0 0 8 9 2 0 0 0 0 0 0 3 0 0 0 8 0 0 0 0 2 0 0 0 0 6 0 0 0 0 0 7 3 9 8 2 0 0 6 8 0 0 1 0 0 3 0 0 0 1 0 0 0 0 0 3 0 0 0 9 2 0 5 0 0 0 0 8 5 0 0 6 4 0 