9
M
0
23
81
26
7 4 1 0 1 3 1 0 0 0 1 0 5 8 1 0 7 5 2 0 0 2 3 0 1 7 4 0 0 4 4 0 3 8 8 0 1 1 9 0 8 0 9 0 1 8 7 0 1 4 6 0 1 5 8 0 3 5 6 0 0 5 5 0 2 4 7 0 2 3 3 0 8 4 3 0 5 5 3 0 3 4 5 0 4 3 8 0 4 7 3 0 0 1 7 0 0 6 6 0 2 1 6 0 2 0 8 0 
81
-1

1 7 3 2 4 5 6 8 9 2 9 5 1 6 8 3 4 7 8 6 4 3 7 9 1 2 5 3 1 2 4 5 6 7 9 8 4 5 7 8 9 1 2 3 6 6 8 9 7 2 3 4 5 1 5 2 1 6 8 4 9 7 3 7 3 8 9 1 2 5 6 4 9 4 6 5 3 7 8 1 2 
1 7 3 2 4 5 6 8 9 2 9 5 1 6 8 3 4 7 8 6 4 3 7 9 1 0 0 3 1 0 4 5 6 0 0 8 0 0 7 8 9 1 0 3 6 6 0 0 7 2 3 4 0 1 0 0 1 0 8 4 9 0 3 0 3 0 9 1 2 0 0 4 9 0 0 0 3 7 8 1 0 
0 0 0 2 0 0 0 8 9 2 0 5 0 0 0 3 0 0 0 0 4 0 0 9 1 0 0 3 1 0 4 0 0 0 0 0 0 0 7 0 9 1 0 0 6 6 0 0 7 2 0 4 0 0 0 0 1 0 8 4 9 0 3 0 3 0 9 0 0 0 0 4 0 0 0 0 0 7 8 1 0 